2715752	2446123	2656892	3392721	3598995	1866497	2226765	2215236	2249154	2583821	1791871	3293748	2402888	3252802	2630643	2121168	2677926	2585333	3125860	2257179	3307644	2824669	2089623	2226483	1970723	3706224	2526935	2533719	2325993	2757851	3411564	2288806	2711066	2621300	1910878	1698702	2087942	1970023	2413234	2109442	2675039	2805934	1954704	3302102	1625073	2109088	2672775	2603813	2288057	1916692
2615318	2627265	3063618	3312901	3032832	2081000	2149617	2839478	1700290	2460152	1403892	3915957	2074507	3349479	2332156	2622706	2387910	2342611	2955217	2126359	3579266	2975108	2104430	2228618	2355027	3389360	2819667	2790051	2314358	2933087	3851700	2045472	2466189	2298920	1878850	1457470	2072355	2417152	2203486	2224060	3209738	2472244	1943892	3126287	1686113	2218185	2883042	2842200	2563443	1936100
2740350	2797253	3090514	3349938	2679680	2161790	2313678	2527430	1869648	2595808	1487201	2853367	1744504	3338443	1979890	2788701	1965740	2275407	2702452	2724025	3052106	2906697	1769425	2364268	2220927	2972174	3038749	2473218	2481795	2884372	3755754	1727932	2586494	1944168	1870361	1453993	2376677	2325248	2070817	2349049	3088303	3023171	2124762	2766236	1815766	2158929	2762117	2690623	2817033	1898357
2958279	2996725	2944140	3510456	2306530	2085402	1737195	2543984	1727479	2666555	1310349	3374297	1939308	2940922	1992150	2348541	1768505	2339734	3000207	2507928	2977594	2324178	1732504	1787394	2114032	3049551	3169472	2031917	2751367	3162977	3508197	1670645	2514941	1933455	1907947	1552464	2492114	2392153	2495731	2871607	2805673	2900466	2451335	2610259	1526172	2520899	2564103	2612338	3119329	2506408
2808756	2630601	2881999	3217577	2291567	2385750	1774558	2272086	2098251	3365711	1781576	3201871	1878415	3171652	2619607	2111944	1715999	2482422	3077765	2447774	2979614	2459788	1807637	1619983	2011607	2835614	3457270	2297597	3640318	2798846	2907274	1855323	2832494	2064916	1905072	1669452	2296543	2673917	2329989	3212427	2477920	2623298	2342594	2426439	1974208	2739000	2483438	2434259	2844270	2569564
2581696	2792222	2620044	3911488	2097826	2234110	2094283	2114173	1945442	2922686	1932051	2822740	2048679	3599016	2454252	2228054	1733704	2821407	2729273	1751891	2490873	1941015	1991867	1529874	2085995	2758281	3036275	2245806	2841204	3098207	2154016	1599865	2326324	1756673	2172523	1773596	2445088	2486684	2368815	3444893	2446299	2623317	2455242	2055808	1690218	2494707	2429446	2608668	2158726	2304512
2601206	2934234	2745541	3124184	1932277	2230415	2320475	2099221	1780475	3179928	1866329	2389362	2267657	3332055	2535718	2250862	1932730	2774252	2635013	1711897	2519047	2188078	1853478	1782014	1892003	2898076	2738752	2571996	2415385	3502166	2579018	1555364	2374893	2062244	1717135	1831136	2444935	2705473	2887411	2944049	1901431	3016780	1977477	1996553	1805061	2495254	2673526	2690188	2290883	2068356
2481549	3421377	2825722	2862045	1731993	2280570	2103851	1875777	2264701	3062195	2209841	2117423	2654391	3293040	2451815	2354585	1723779	2195290	2873757	2105308	2512762	2259506	1627102	1953047	1812773	2577305	2693343	2444152	2502476	3751999	2599400	1388102	2094498	2198487	2069796	2142029	2533451	2341199	2640484	2454488	1846116	3412413	1738577	1893037	1640292	2776044	2486753	2390979	1857045	2347714
2520807	2992377	3242306	3087565	1818103	2153926	2785258	2444742	2220116	3463097	1877647	2175306	2217579	2926484	2813645	1983558	1910849	2135573	3105870	2182774	2550773	2119809	1841695	2350978	1850992	2473887	2650551	2312978	2704355	3093443	2681751	1474395	2139004	2573108	2206414	2333765	2644772	2613828	2639721	2640468	2014918	2898119	1853647	2260724	1745906	2879900	1841029	2652483	2502053	2441758
2472055	3009821	3495807	2800802	2027497	2180322	3010850	2116293	2018248	3210612	2275101	2075318	2386395	2886935	3235048	1785722	2063529	2039276	2991092	1867089	2360038	2237096	2100683	2130207	1915859	2100562	2470712	2171539	2398441	3096812	2654086	1362625	2123950	2490796	2203817	2337392	3271711	2800558	2744642	2161061	2244819	2646917	1674009	1992174	1705456	3098368	1771234	2518951	2809216	2638978
2910099	2556668	3315439	2369096	1948307	2353158	2889218	2219025	2415526	3895453	2435474	2329508	2396115	2307010	3709403	1763640	2117280	2039476	2868718	1830017	2772337	2224013	2739663	1928348	1970489	2562970	2180765	2590745	2239470	2907754	3038056	1295490	2301148	2347594	2713684	2953018	3354533	2643034	3486352	2247129	2782748	2777297	1990956	1942030	1931443	3396405	1709849	2529639	3153822	2388605
2551984	2477601	3738352	2217429	1928027	2015644	2535754	2628797	2346722	3954988	2284127	2523839	2251743	2030505	3327041	1933477	1780935	2387296	3115877	1894120	2758834	2816553	2306315	1533875	2168754	2471440	2575396	2767603	2439878	3139751	2814605	1477942	2643885	2116819	2459634	2701415	3259357	2974459	3312371	2434681	2816805	2574112	2022407	2194782	1641177	3328092	2454035	2312878	2522795	2447755
