2512244	2236249	2403344	2101001	2775478	2262672	2189303	2369615	2408118	2397458	2401481	3654903	1873992	2761758	1949521	2752174	2463676	2685517	2461771	2673457	2637288	2433280	2041382	2632736	3351355	1905950	2641936	2443794	1844842	2866901	2897340	2005655	1784580	1898432	2227116	2204334	2143146	2292584	2204628	3205003	2243227	2643082	2536151	2146838	2456491	1692506	2954039	2818584	2729972	1953744
2410760	2433380	2597394	2119057	2812996	2489789	2355950	2631052	2154405	2315889	1922474	3460898	1928330	2583541	2314918	3176435	2575250	2091836	2512230	2480505	2985171	2257560	2204393	2313246	3683129	2286729	2811927	2662679	2317486	2779975	3666307	1964709	1816137	2053312	2132964	1918757	2397954	2549453	2024759	2843817	2136343	2468650	2470967	2025065	2651380	1840235	2975539	3053998	2153155	1812801
2430777	2542730	3068400	2062591	2537619	2675465	2673848	2419443	2067630	2585503	1941797	3028814	1732103	2838718	2163827	2992518	2591792	2302944	2403194	2774369	2930905	2382135	2149048	2262031	2917599	2086180	2673425	2330178	2201737	3313875	3777235	1837624	2279517	2545038	2510048	2485173	2524939	2522155	2314790	2439725	2048644	2404119	2515859	2368811	2148962	1949524	2877925	2806689	2270728	1546606
2409346	2633145	2696275	2089826	2444054	2537925	2312711	2242806	1958501	2354043	1632788	3174994	2158052	2586399	2286064	2906479	2711373	2112634	2280281	2635279	2807621	2666685	2108410	2130970	2517905	1916161	2587561	2161293	2437643	3034585	3621628	2039618	2403383	2392185	2379597	2136257	2765471	3085846	2748132	2381385	2375128	2142025	2892391	2212809	1998549	1924304	3112741	2650746	2288355	1958414
2682815	2693716	2917312	2345589	2357072	2483606	2047226	1960788	2204727	2438788	2183689	2708439	1691174	2225387	2356456	3001444	2827730	2187557	2164433	2664524	2726982	2474583	2519417	2034930	2284790	2310144	2314500	2697354	2819888	2914657	3383470	2150281	2104137	2133340	2272687	2422138	2674539	2848424	2526583	2584953	2154449	2178688	3125661	2483178	2055502	1989105	2615701	2523720	2319418	2004042
2242207	2430729	2749648	3070482	2655038	2376707	2016830	1984220	2400064	2291711	2317804	2139015	2216999	2471919	2186450	2946468	3134991	2560642	1804980	2604573	2553322	2445834	2120830	2022683	2208408	2526691	2332903	2954131	3093976	2651645	2958659	2083328	2008495	1861535	2279684	2649840	2871439	3163287	2206594	2692169	2097239	2043073	3282184	2540208	2303945	2042729	2412025	2763685	1935742	1922000
2057610	2231583	2831912	3336629	2932320	2459498	1827638	1969870	2415773	2525003	2403147	2101760	2349454	2964106	2623356	2186732	2564231	2333920	1992587	2750390	2474046	3166199	2238779	2945762	2083599	2445711	2417111	2816705	2803190	2512468	2639046	2152466	2452893	2077067	2442533	2668109	2903250	3469449	2345065	2358837	1773249	2139098	3403025	2525449	2805001	2196846	2313299	3102385	1850964	1974592
2146684	2551495	2767060	2917773	3002600	2556310	1647650	1933386	2402948	2437458	3011149	2073672	2358863	3376197	2515537	1801838	2645522	2531432	2247319	3631759	2013916	2894519	1988164	2675412	2303125	2428515	2325340	3116711	3220735	2585626	2877219	1979335	2539698	1781335	3077227	2933107	3160945	3162363	2213966	2285259	1686595	1993774	2594590	2388165	2573876	2493697	2824152	2434987	2153541	2199477
2055692	2704723	2738561	3229427	2739443	2392056	1867622	1879216	2478130	2651571	2710900	1919002	2135579	3016402	2316810	1589028	2998316	2251184	2117370	3444781	1973170	2731054	2433921	2698898	2538490	2768117	2588131	2633094	2939784	2667301	2566580	2124485	2899231	1957793	2696148	2988418	2622720	2957576	2201439	2493945	1660856	1749815	2288225	2456999	2589766	2637359	2180133	2307983	2212424	1761655
1933431	2636740	2337950	2455006	3164355	2078411	2227443	1864654	2332795	2516361	2564502	2002730	2081045	3382063	2816984	1342775	3180527	2252582	1892171	2841648	1918942	2494395	2250967	2798519	2437508	2354457	2887164	2489705	3354581	2830985	3182912	2042111	2455263	2013715	2695447	3517770	2785191	3430479	2027922	2066484	1719652	1999345	1830904	2201428	2592204	2473865	1867990	1874017	1883437	1970936
2022852	2526969	2213911	2280727	2911042	1934877	2553207	1833121	2305913	2251875	2718789	1966610	2291783	2543905	2688059	1340989	2654231	2163477	2121351	2460904	2005656	2432051	2681380	2663917	2283600	2569941	2645938	2306508	3520044	2808812	2759751	1873899	2652979	2011576	2802623	3960828	2949069	3535455	2080239	2041049	2027705	2076023	2177054	2194863	2949812	2551717	2351707	1875474	2206248	1860006
2138683	2521723	2349147	1786840	2669104	1849382	2713900	2083531	1837456	2609280	2495740	1797438	2206037	2490449	2557144	1323879	2398563	2164279	2372165	2559517	1881456	3091148	2443606	2512160	2271963	3006116	2498497	2101224	3882718	3131692	2206834	1897937	2884045	2211196	2889968	4290957	2669143	3328595	1734602	2353402	2159858	1905081	1913382	2190497	2570420	2934727	2746495	2001860	1845632	2044182
